0,1290.1875
6.766750316455275,1290.297973632812
13.53350063291055,1290.472045898438
20.300250949365825,1290.635009765625
27.0670012658211,1290.755981445312
33.83375158227638,1290.822631835938
40.60050189873165,1290.913940429688
47.36725221518693,1291.033203125
54.1340025316422,1291.098510742188
60.900752848097476,1290.939697265625
67.66750316455276,1290.821655273438
74.43425348100803,1290.820434570312
81.2010037974633,1290.884521484375
87.96775411391857,1290.957763671875
94.73450443037386,1290.993408203125
101.50125474682913,1291.015014648438
108.2680050632844,1290.829711914062
115.03475537973968,1290.671508789062
121.80150569619495,1290.647827148438
128.56825601265024,1290.675415039062
135.3350063291055,1290.746704101562
142.10175664556078,1290.915649414062
148.86850696201606,1290.951171875
155.63525727847133,1290.917602539062
162.4020075949266,1290.874755859375
169.16875791138187,1290.866943359375
175.93550822783715,1290.800170898438
182.70225854429245,1290.74072265625
189.46900886074772,1290.752807617188
196.235759177203,1290.801391601562
203.00250949365827,1290.834228515625
209.76925981011354,1290.91943359375
216.5360101265688,1291.087890625
223.30276044302408,1291.228393554688
230.06951075947936,1291.27978515625
236.83626107593463,1291.249755859375
243.6030113923899,1291.21728515625
250.36976170884518,1291.215087890625
257.1365120253005,1291.208251953125
263.90326234175575,1291.194458007812
270.670012658211,1291.182250976562
277.4367629746663,1291.173950195312
284.20351329112157,1291.166015625
290.97026360757684,1291.158325195312
297.7370139240321,1291.151123046875
304.5037642404874,1291.144287109375
311.27051455694266,1291.13818359375
318.03726487339793,1291.137451171875
324.8040151898532,1291.151000976562
331.5707655063085,1290.963134765625
338.33751582276375,1290.754272460938
345.104266139219,1290.615356445312
351.8710164556743,1290.573974609375
358.63776677212957,1290.633666992188
365.4045170885849,1290.727294921875
372.17126740504017,1290.797729492188
378.93801772149544,1290.90380859375
385.7047680379507,1290.909545898438
392.471518354406,1290.908203125
399.23826867086126,1290.937744140625
406.00501898731653,1291.0087890625
412.7717693037718,1291.168212890625
419.5385196202271,1291.332275390625
426.30526993668235,1291.491943359375
433.0720202531376,1291.641967773438
439.8387705695929,1291.762817382812
446.60552088604817,1291.833740234375
453.37227120250344,1291.819580078125
460.1390215189587,1291.734741210938
466.905771835414,1291.678100585938
473.67252215186926,1291.710815429688
480.43927246832453,1291.744384765625
487.2060227847798,1291.797119140625
493.9727731012351,1291.852294921875
500.73952341769035,1291.884887695312
507.5062737341457,1291.803466796875
514.273024050601,1291.756713867188
521.0397743670562,1291.705688476562
527.8065246835115,1291.649047851562
534.5732749999668,1291.624877929688
541.340025316422,1291.647094726562
548.1067756328773,1291.774169921875
554.8735259493326,1291.92724609375
561.6402762657879,1291.936401367188
568.4070265822431,1291.82373046875
575.1737768986984,1291.705932617188
581.9405272151537,1291.597534179688
588.707277531609,1291.592041015625
595.4740278480642,1291.728149414062
602.2407781645195,1291.817993164062
609.0075284809748,1291.84765625
615.77427879743,1291.845581054688
622.5410291138853,1291.798706054688
629.3077794303406,1291.747192382812
636.0745297467959,1291.795166015625
642.8412800632511,1291.67333984375
649.6080303797064,1291.410034179688
656.3747806961617,1291.675537109375
663.141531012617,1291.699096679688
669.9082813290722,1291.593017578125
676.6750316455275,1291.512573242188
683.4417819619828,1291.653686523438
690.208532278438,1291.632080078125
696.9752825948933,1291.593505859375
703.7420329113486,1291.563720703125
710.5087832278039,1291.552368164062
717.2755335442591,1291.563110351562
724.0422838607145,1291.593872070312
730.8090341771698,1291.416259765625
737.5757844936251,1291.235473632812
744.3425348100803,1291.27685546875
751.1092851265356,1291.32421875
757.8760354429909,1291.669311523438
764.6427857594462,1292.021850585938
771.4095360759014,1292.101318359375
778.1762863923567,1291.7900390625
784.943036708812,1291.474365234375
791.7097870252672,1291.255981445312
798.4765373417225,1291.314208984375
805.2432876581778,1291.406616210938
812.0100379746331,1291.24462890625
818.7767882910883,1291.207153320312
825.5435386075436,1291.1748046875
832.3102889239989,1291.088256835938
839.0770392404542,1291.087768554688
845.8437895569094,1291.2578125
852.6105398733647,1291.375732421875
859.37729018982,1291.4453125
866.1440405062752,1291.608764648438
872.9107908227305,1291.8544921875
879.6775411391858,1291.713500976562
886.4442914556411,1291.487182617188
893.2110417720963,1291.222412109375
899.9777920885516,1291.2890625
906.7445424050069,1291.337158203125
913.5112927214622,1291.026245117188
920.2780430379174,1290.614013671875
927.0447933543727,1290.51220703125
933.811543670828,1290.607055664062
940.5782939872832,1290.753051757812
947.3450443037385,1290.767700195312
954.1117946201938,1290.566772460938
960.8785449366491,1290.37890625
967.6452952531043,1290.347045898438
974.4120455695596,1290.411376953125
981.1787958860149,1290.558715820312
987.9455462024702,1290.844360351562
994.7122965189254,1291.008056640625
1001.4790468353807,1290.990600585938
1008.245797151836,1290.919311523438
1015.0125474682914,1290.765747070312
1021.7792977847466,1290.676025390625
1028.546048101202,1290.684448242188
1035.3127984176572,1290.9970703125
1042.0795487341124,1291.044799804688
1048.8462990505677,1290.799560546875
1055.613049367023,1290.607177734375
1062.3797996834783,1291.189086914062
1069.1465499999335,1291.551391601562
1075.9133003163888,1291.333618164062
1082.680050632844,1291.02978515625
1089.4468009492994,1290.90869140625
1096.2135512657546,1290.815795898438
1102.98030158221,1290.978393554688
1109.7470518986652,1291.26025390625
1116.5138022151204,1291.321411132812
1123.2805525315757,1291.144897460938
1130.047302848031,1291.05224609375
1136.8140531644863,1291.012451171875
1143.5808034809415,1290.968872070312
1150.3475537973968,1290.925170898438
1157.114304113852,1290.918334960938
1163.8810544303074,1290.890625
1170.6478047467626,1290.80615234375
1177.414555063218,1290.756469726562
1184.1813053796732,1291.015625
1190.9480556961284,1291.125854492188
1197.7148060125837,1290.984008789062
1204.481556329039,1290.662719726562
1211.2483066454943,1290.7939453125
1218.0150569619495,1290.683227539062
1224.7818072784048,1290.49951171875
1231.54855759486,1290.461669921875
1238.3153079113154,1290.588745117188
1245.0820582277706,1290.910278320312
1251.848808544226,1291.066772460938
1258.6155588606812,1291.153076171875
1265.3823091771364,1291.223022460938
1272.1490594935917,1291.193115234375
1278.915809810047,1291.126708984375
1285.6825601265023,1291.09228515625
1292.4493104429575,1291.098510742188
1299.2160607594128,1291.109741210938
1305.982811075868,1291.120727539062
1312.7495613923234,1291.121948242188
1319.5163117087786,1291.079956054688
1326.283062025234,1290.976318359375
1333.0498123416892,1290.844116210938
1339.8165626581444,1290.488525390625
1346.5833129745997,1290.193359375
1353.350063291055,1290.42333984375
1360.1168136075103,1290.608154296875
1366.8835639239655,1290.375122070312
1373.6503142404208,1290.259399414062
1380.417064556876,1290.228637695312
1387.1838148733314,1290.242553710938
1393.9505651897866,1290.376708984375
1400.717315506242,1290.391479492188
1407.4840658226972,1290.455444335938
1414.2508161391524,1290.551635742188
1421.0175664556077,1290.65283203125
1427.784316772063,1290.65478515625
1434.5510670885183,1290.386840820312
1441.3178174049735,1290.127319335938
1448.084567721429,1290.197998046875
1454.8513180378843,1290.396362304688
1461.6180683543396,1290.383544921875
1468.3848186707949,1290.238403320312
1475.1515689872501,1290.04541015625
1481.9183193037054,1289.989990234375
1488.6850696201607,1289.884033203125
1495.451819936616,1289.853759765625
1502.2185702530712,1289.928100585938
1508.9853205695265,1290.01904296875
1515.7520708859818,1290.216918945312
1522.518821202437,1290.512817382812
1529.2855715188923,1290.763793945312
1536.0523218353476,1290.7939453125
1542.8190721518029,1290.726318359375
1549.5858224682581,1290.648071289062
1556.3525727847134,1290.612182617188
1563.1193231011687,1290.598266601562
1569.886073417624,1290.5751953125
1576.6528237340792,1290.58251953125
1583.4195740505345,1290.572265625
1590.1863243669898,1290.4931640625
1596.953074683445,1290.315063476562
1603.7198249999003,1290.134643554688
1610.4865753163556,1290.055908203125
1617.2533256328109,1290.046997070312
1624.0200759492661,1290.07666015625
1630.7868262657214,1290.105590820312
1637.5535765821767,1290.209838867188
1644.320326898632,1290.341430664062
1651.0870772150872,1290.46630859375
1657.8538275315425,1290.709106445312
1664.6205778479978,1291.033447265625
1671.387328164453,1291.098876953125
1678.1540784809083,1291.017333984375
1684.9208287973636,1290.830810546875
1691.6875791138189,1290.645874023438
1698.4543294302741,1290.6552734375
1705.2210797467294,1290.535522460938
1711.9878300631847,1290.3564453125
1718.75458037964,1290.25634765625
1725.5213306960952,1290.303955078125
1732.2880810125505,1290.321533203125
1739.0548313290058,1290.316528320312
1745.821581645461,1290.297485351562
1752.5883319619163,1290.2314453125
1759.3550822783716,1290.095703125
1766.1218325948269,1289.933349609375
1772.8885829112821,1290.084228515625
1779.6553332277374,1290.283203125
1786.4220835441927,1290.2783203125
1793.188833860648,1290.25537109375
1799.9555841771032,1290.252685546875
1806.7223344935585,1290.249267578125
1813.4890848100138,1290.23681640625
1820.255835126469,1290.188598632812
1827.0225854429243,1290.121826171875
1833.7893357593796,1290.05712890625
1840.5560860758349,1290.098876953125
1847.3228363922901,1290.19140625
1854.0895867087454,1290.289428710938
1860.8563370252007,1290.4326171875
1867.623087341656,1290.534301757812
1874.3898376581112,1290.504272460938
1881.1565879745665,1290.380981445312
1887.9233382910218,1290.475708007812
1894.690088607477,1290.497314453125
1901.4568389239323,1290.538818359375
1908.2235892403876,1290.654663085938
1914.9903395568429,1290.708984375
1921.7570898732981,1290.66943359375
1928.5238401897534,1290.548095703125
1935.2905905062087,1290.42626953125
1942.057340822664,1290.239379882812
1948.8240911391192,1290.236694335938
1955.5908414555745,1290.369995117188
1962.3575917720298,1290.579223632812
1969.124342088485,1290.733154296875
1975.8910924049403,1290.734252929688
1982.6578427213956,1290.688720703125
1989.4245930378509,1290.517578125
1996.1913433543061,1290.426147460938
2002.9580936707614,1290.421020507812
2009.7248439872167,1290.333984375
2016.491594303672,1290.315673828125
2023.2583446201274,1290.261596679688
2030.0250949365827,1290.157592773438
2036.791845253038,1290.053100585938
2043.5585955694933,1290.325561523438
2050.3253458859485,1290.313110351562
2057.092096202404,1290.26220703125
2063.858846518859,1290.2861328125
2070.6255968353144,1290.264038085938
2077.3923471517696,1290.214111328125
2084.159097468225,1290.206176757812
2090.92584778468,1290.24755859375
2097.6925981011354,1290.310424804688
2104.4593484175907,1290.264526367188
2111.226098734046,1290.184204101562
2117.9928490505013,1290.207153320312
2124.7595993669565,1290.371215820312
2131.526349683412,1290.323852539062
2138.293099999867,1290.305419921875
2145.0598503163224,1290.380004882812
2151.8266006327776,1290.494262695312
2158.593350949233,1290.29296875
2165.360101265688,1290.279052734375
2172.1268515821434,1290.358154296875
2178.8936018985987,1290.428344726562
2185.660352215054,1290.480834960938
2192.4271025315093,1290.521606445312
2199.1938528479645,1290.490844726562
2205.96060316442,1290.526733398438
2212.727353480875,1290.688842773438
2219.4941037973304,1290.853637695312
2226.2608541137856,1290.706420898438
2233.027604430241,1290.75341796875
2239.794354746696,1290.729125976562
2246.5611050631514,1290.416870117188
2253.3278553796067,1290.265869140625
2260.094605696062,1290.417114257812
2266.8613560125173,1290.49267578125
2273.6281063289725,1290.405517578125
2280.394856645428,1290.169189453125
2287.161606961883,1290.089965820312
2293.9283572783384,1290.098754882812
2300.6951075947936,1290.117553710938
2307.461857911249,1290.172729492188
2314.228608227704,1290.303344726562
2320.9953585441594,1290.3916015625
2327.7621088606147,1290.444091796875
2334.52885917707,1290.447143554688
2341.2956094935253,1290.450073242188
2348.0623598099805,1290.419311523438
2354.829110126436,1290.384399414062
2361.595860442891,1290.410888671875
2368.3626107593464,1290.352783203125
2375.1293610758016,1290.390502929688
2381.896111392257,1290.3994140625
2388.662861708712,1290.427856445312
2395.4296120251674,1290.435424804688
2402.1963623416227,1290.341674804688
2408.963112658078,1290.075927734375
2415.7298629745333,1290.1220703125
2422.4966132909885,1290.268676757812
2429.263363607444,1290.292846679688
2436.030113923899,1290.196411132812
2442.7968642403544,1290.12548828125
2449.5636145568096,1290.05078125
2456.330364873265,1290.047241210938
2463.09711518972,1290.099365234375
2469.8638655061754,1290.1318359375
2476.6306158226307,1290.029296875
2483.397366139086,1289.819580078125
2490.1641164555413,1289.73974609375
2496.9308667719965,1289.6943359375
2503.697617088452,1289.924560546875
2510.464367404907,1290.165283203125
2517.2311177213624,1290.262451171875
2523.9978680378176,1290.245727539062
2530.764618354273,1290.262451171875
2537.531368670728,1290.297241210938
2544.2981189871834,1290.307006835938
2551.0648693036387,1290.292114257812
2557.831619620094,1290.27294921875
2564.5983699365493,1290.263671875
2571.3651202530045,1290.25
2578.13187056946,1290.230346679688
2584.898620885915,1290.192504882812
2591.6653712023704,1290.142578125
2598.4321215188256,1290.099853515625
2605.198871835281,1290.079345703125
2611.965622151736,1290.070922851562
2618.7323724681914,1290.06103515625
2625.4991227846467,1290.05126953125
2632.265873101102,1290.04248046875
2639.0326234175573,1290.03466796875
2645.7993737340125,1290.030151367188
2652.566124050468,1290.02880859375
2659.332874366923,1290.019409179688
2666.0996246833784,1289.999877929688
2672.8663749998336,1289.97998046875
2679.633125316289,1289.969482421875
2686.399875632744,1289.987426757812
2693.1666259491994,1290.008422851562
2699.9333762656547,1289.998901367188
2706.70012658211,1289.95556640625
2713.4668768985653,1289.919799804688
2720.2336272150205,1289.955200195312
2727.000377531476,1290.297485351562
2733.767127847931,1290.745727539062
2740.5338781643864,1290.827270507812
2747.3006284808416,1290.680908203125
2754.067378797297,1290.523193359375
2760.834129113752,1290.39794921875
2767.6008794302074,1290.189331054688
2774.3676297466627,1289.871704101562
2781.134380063118,1289.9189453125
2787.9011303795733,1290.1787109375
2794.6678806960285,1290.500732421875
2801.434631012484,1290.757934570312
2808.201381328939,1290.614501953125
2814.9681316453944,1290.344604492188
2821.7348819618496,1290.3388671875
2828.501632278305,1290.634887695312
2835.26838259476,1290.746948242188
2842.0351329112154,1290.704833984375
2848.8018832276707,1290.675659179688
2855.568633544126,1290.672973632812
2862.3353838605813,1290.682006835938
2869.1021341770365,1290.642944335938
2875.868884493492,1290.487548828125
2882.635634809947,1290.32958984375
2889.402385126403,1290.239135742188
2896.169135442858,1290.2548828125
2902.9358857593134,1290.36376953125
2909.7026360757686,1290.460083007812
2916.469386392224,1290.42333984375
2923.236136708679,1290.220336914062
2930.0028870251344,1290.097290039062
2936.7696373415897,1290.122802734375
2943.536387658045,1290.372192382812
2950.3031379745003,1290.665649414062
2957.0698882909555,1290.724853515625
2963.836638607411,1290.356689453125
2970.603388923866,1290.202026367188
2977.3701392403214,1290.167602539062
2984.1368895567766,1290.29931640625
2990.903639873232,1290.417602539062
2997.670390189687,1290.482788085938
3004.4371405061424,1290.4482421875
3011.2038908225977,1290.400390625
3017.970641139053,1290.416015625
3024.7373914555083,1290.416259765625
3031.5041417719635,1290.413696289062
3038.270892088419,1290.420776367188
3045.037642404874,1290.4462890625
3051.8043927213294,1290.438842773438
3058.5711430377846,1290.389038085938
3065.33789335424,1290.336303710938
3072.104643670695,1290.16552734375
3078.8713939871504,1289.753051757812
3085.6381443036057,1289.724609375
3092.404894620061,1289.952880859375
3099.1716449365163,1290.158569335938
3105.9383952529715,1290.221069335938
3112.705145569427,1290.197021484375
3119.471895885882,1290.27001953125
3126.2386462023373,1290.443237304688
3133.0053965187926,1290.541748046875
3139.772146835248,1290.543823242188
3146.538897151703,1290.47314453125
3153.3056474681584,1290.40283203125
3160.0723977846137,1290.389038085938
3166.839148101069,1290.38232421875
3173.6058984175243,1290.380493164062
3180.3726487339795,1290.329711914062
3187.139399050435,1290.341796875
3193.90614936689,1290.484008789062
3200.6728996833453,1290.622924804688
3207.4396499998006,1290.498657226562
3214.206400316256,1290.512573242188
3220.973150632711,1290.519897460938
3227.7399009491664,1290.479125976562
3234.5066512656217,1290.48681640625
3241.273401582077,1290.563598632812
3248.0401518985323,1290.599853515625
3254.8069022149875,1290.606567382812
3261.573652531443,1290.607177734375
3268.340402847898,1290.628173828125
3275.1071531643533,1290.608764648438
3281.8739034808086,1290.541381835938
3288.640653797264,1290.537109375
3295.407404113719,1290.55712890625
3302.1741544301744,1290.617431640625
3308.9409047466297,1290.59033203125
3315.707655063085,1290.5400390625
3322.4744053795403,1290.524780273438
3329.2411556959955,1290.520141601562
3336.007906012451,1290.514892578125
3342.774656328906,1290.509887695312
3349.5414066453613,1290.504516601562
3356.3081569618166,1290.498413085938
3363.074907278272,1290.490600585938
3369.841657594727,1290.485473632812
3376.6084079111824,1290.484375
3383.3751582276377,1290.4814453125
3390.141908544093,1290.461181640625
3396.9086588605483,1290.408935546875
3403.6754091770035,1290.32958984375
3410.442159493459,1290.262451171875
3417.208909809914,1290.24755859375
3423.9756601263693,1290.30029296875
3430.7424104428246,1290.388061523438
3437.50916075928,1290.423828125
3444.275911075735,1290.429565429688
3451.0426613921904,1290.425048828125
3457.8094117086457,1290.416259765625
